function clp = get_conslaw_position()

clp = [1   4  20  38   2  15  30  48  12  27  45];


end